0.006971 108
0.011931 96
63.301913 1
0.377974 1
0.464664 1
0.542827 1
0.973230 2
0.000144 9
0.000537 4095
0.000357 1045
11.779849 1
1.014204 1
1.243902 11
0.001870 360
0.000011 2
0.000260 8
0.000023 88
8.179834 1
0.442860 1
1.132570 107
10.820445 1
0.615445 1
0.539734 1
1.032889 119
10.661684 1
6.010837 1
0.941192 1
0.489775 1
0.663568 4
0.798381 1
1.038553 1
0.990248 1
1.137283 1
0.405850 1
0.608432 1
0.615408 1
2.550075 11
0.001691 99
0.000174 8
0.001266 88
19.763603 1
0.424906 1
0.515528 1
0.854587 11
0.001671 218
0.000039 88
14.761764 3
1.632124 13
1.365819 1
0.499347 1
0.030261 1
0.031725 1
0.029895 1
0.030543 1
0.031620 1
0.031536 1
0.889365 5
0.294100 5
1.305376 5
1.086276 5
2.238352 3
0.500838 3
0.031515 3
0.029910 3
0.031088 3
0.029978 3
0.206327 3
0.168354 3
0.164483 1
7.993092 11
0.002332 96
1.111287 10
0.220044 16
0.921721 11
0.001349 200
0.000275 96
31.458835 1
0.790792 1
0.677662 1
1.360036 1
0.418217 1
1.220572 1
0.898819 1
9.213516 11
0.000194 441
7.259753 1
0.567159 1
0.518194 1
0.769837 1
1.053762 17
