0.022209 116
5.850610 14
0.000388 17
0.362034 14
0.441709 38
0.316253 31
0.271742 27
0.228438 51
0.264500 51
0.261087 51
0.279381 48
0.227739 129
0.393034 129
0.500266 53
0.029958 51
0.030715 51
0.031735 51
0.031116 31
0.030560 27
0.032344 38
0.029097 17
0.031905 1
0.030514 1
0.031209 1
0.030532 1
0.031784 1
0.030590 1
0.031180 1
0.030605 1
0.030520 1
0.030222 1
0.031816 1
0.336437 14
0.547796 38
0.537863 31
0.799827 27
0.198996 38
0.164879 17
0.156261 1
1.895324 1
0.365749 1
0.663509 1
0.773881 1
3.214231 1
0.528918 1
1.137741 1
1.880480 1
1.237668 2
0.000165 9
0.029955 80
0.000343 97
0.004187 83
0.000081 1969
0.000011 59
0.009372 115
0.000019 156
0.002427 1978
0.000142 160
9.033908 1042
10.351949 181
1.296950 27
0.954751 23
0.000093 26
0.334006 23
0.000925 23
0.301138 47
0.269898 23
0.001505 23
0.438383 47
0.427667 46
0.349339 47
0.501490 47
0.501153 23
0.003207 24
0.026999 46
0.030170 46
0.030956 46
0.030796 23
0.000148 23
0.030608 46
0.031086 46
0.031040 46
0.030503 46
0.031326 23
0.000144 23
0.030834 23
0.000265 23
0.029190 46
0.032293 46
4.358319 1042
5.641208 201
0.662861 23
0.000296 24
0.224145 46
0.184205 46
0.163822 47
14.122910 1042
7.111839 154
1.082302 21
0.000235 271
3.085387 30
2.932639 28
0.165996 28
0.663014 28
2.247763 28
0.761978 28
0.644416 28
0.296037 28
3.003193 52
3.202419 29
1.878491 29
1.694874 29
0.762688 29
0.465822 29
2.271518 29
1.933108 29
0.706275 38
1.703127 29
2.225165 51
2.090926 39
0.704343 36
1.703291 115
1.449121 28
0.141565 28
0.459870 45
0.215513 27
0.684045 28
0.286965 28
0.454336 28
0.147278 28
1.358010 30
0.882065 41
0.943280 58
2.938240 30
1.953210 50
2.527049 30
3.865169 28
0.132223 28
0.638665 28
1.343038 28
0.285015 28
0.709546 28
2.970553 27
0.760285 30
4.864918 29
1.027414 29
0.429127 29
2.575311 29
0.206237 29
4.073248 50
8.330764 32
0.602979 32
0.806936 32
0.387473 32
0.442217 32
12.341179 32
2.592713 40
2.898124 52
0.475420 40
2.983930 40
2.249738 40
0.568472 40
0.244580 40
1.615477 40
0.336807 40
0.463221 40
0.446388 40
4.110589 41
1.936232 54
1.762357 46
2.009434 152
2.061233 57
1.259997 123
2.107805 39
7.334090 27
0.971318 65
1.236067 31
8.382870 28
11.719588 29
0.362601 29
0.360914 27
0.290875 27
0.698496 64
1.975628 29
0.398292 29
3.377965 28
0.817532 36
0.520698 28
0.570453 28
0.556505 28
0.472553 46
1.983484 41
1.441822 41
0.855008 41
0.138509 43
0.518674 42
0.369917 42
1.800378 50
2.913871 32
1.287912 32
0.224728 32
0.173497 32
0.408418 32
5.153558 32
1.124115 32
2.800969 52
1.065319 40
0.483426 40
1.314440 40
3.329532 40
0.593213 40
0.595193 40
1.960134 40
0.464105 40
2.554231 40
2.561255 55
1.038072 46
1.138578 134
3.866472 29
2.649423 28
3.731500 28
1.416759 28
0.634578 28
0.590401 46
3.062485 41
1.212961 41
0.450090 41
0.867633 43
0.803466 42
2.360211 42
1.979052 50
1.208747 32
0.635447 32
0.469845 32
0.240040 32
0.402017 32
1.806583 32
2.174220 32
1.397443 52
1.457507 40
0.355089 40
2.340514 40
4.427018 40
0.518976 40
0.320792 40
0.608565 40
0.995387 40
2.201143 40
0.827131 41
0.871782 40
1.574976 55
1.451856 46
0.471430 136
1.078850 30
4.048268 29
2.873766 29
0.531955 29
0.291365 29
0.554788 47
1.897606 52
1.712731 44
0.398664 33
0.360033 33
0.321139 33
0.989664 33
2.214714 33
1.083060 33
6.207737 34
1.281765 33
0.468440 33
0.298145 33
1.413435 33
0.218283 33
2.016676 32
0.500581 32
0.032099 32
0.031889 32
0.028701 32
0.159377 43
1.402949 48
0.642299 32
0.199418 32
0.170295 32
0.154069 32
0.175898 32
0.305722 32
2.097849 41
0.822539 41
0.108521 41
0.523483 42
3.182170 41
1.518112 56
1.534192 48
0.532136 135
3.181654 31
2.242869 29
0.370489 29
0.378057 29
1.133775 29
0.723186 48
1.820015 52
1.199481 44
0.152037 33
0.121362 33
0.489417 33
0.275339 33
0.406835 51
1.420817 32
0.703238 42
0.400406 33
1.602189 135
0.668507 54
11.460477 40
0.097764 17
0.002118 110
5.132233 47
2.067635 1
0.579194 1
1.255163 27
0.000861 136
0.001620 76
0.000775 116
8.709001 8
1.031098 11
0.031146 47
0.000045 26
0.000020 7
0.000490 44
0.000104 10
0.005917 1364
0.003269 115
0.000015 166
0.001799 1350
78.813201 46
0.491336 1
0.073477 1
0.809159 21
0.000308 6
0.002002 83
0.000062 76
0.001395 116
24.685555 1
0.782297 1
0.151623 1
1.361505 1
2.543966 1
0.905389 4
1.506569 2
0.000015 9
0.325096 8
0.000282 108
5.661060 9
1.336675 1
0.493455 1
0.029921 1
0.030185 1
0.030517 1
0.030147 1
0.030131 1
0.172697 1
4.261895 3
0.657340 3
2.520160 3
0.501163 3
0.029495 3
0.030242 3
0.030691 3
0.033045 3
0.028674 1
0.033537 1
0.030175 1
0.029737 1
0.030407 1
6.530926 4
0.502155 4
0.029944 4
0.030197 4
0.031186 4
0.030249 4
0.030150 4
0.029917 4
0.031817 4
0.030307 1
0.029950 1
0.030198 1
0.033512 1
0.029562 1
1.127843 1
0.317796 1
1.030659 11
0.001475 114
0.000335 116
11.156753 1
1.860360 1
3.381561 1
0.954924 5
1.574616 11
0.002167 8
0.000151 8
0.000033 108
59.485094 1
2.077474 1
0.695746 1
0.455800 1
1.088941 11
0.000070 4
0.000013 2
