0.034022 112
2.586365 1
1.493649 1
0.359313 1
3.691609 4
0.172798 4
0.589603 1
0.415153 1
0.478987 1
0.243227 1
2.153549 1
0.515543 1
0.876228 1
3.237307 1
2.602888 1
2.372057 1
1.484160 1
3.034592 1
0.195359 1
1.467374 1
3.123850 1
0.560961 1
37.026077 1
6.634399 1
1.193393 1
0.419969 1
0.174781 1
3.525352 1
1.265998 1
0.330247 1
2.810135 1
0.417573 1
0.403711 1
0.401180 1
1.116267 1
0.153333 1
0.235979 1
2.465845 1
0.410208 1
0.757662 1
0.146838 1
0.195196 1
1.652161 1
0.587489 1
1.282588 4
1.440991 1
0.892536 4
0.657431 1
0.817528 1
4.349628 1
0.814697 1
6.368719 1
0.287717 1
5.256475 1
0.883841 1
0.438544 1
0.652360 1
1.819230 1
0.439398 1
1.011315 1
0.584749 1
0.244960 1
0.191892 1
3.087076 1
0.707275 1
0.558161 3
0.329669 1
2.105381 1
4.742159 1
2.390519 1
2.897982 1
0.787844 1
3.283716 1
6.451024 11
0.001458 166
12.283675 64
5.829071 1
0.500826 1
0.029470 1
0.029913 1
0.030377 1
0.029901 1
0.030549 1
0.029965 282
0.031028 1
0.029386 1
0.029152 1
0.030017 1
0.031593 1
0.028490 1
0.029791 1
0.030509 1
0.029713 1
0.030783 1
0.029726 1
0.029157 1
0.030798 1
0.029866 1
0.028937 1
0.029930 1
0.033687 1
0.027861 1
0.029017 1
0.030239 1
0.030306 1
0.029779 1
0.031564 1
0.028575 1
0.030951 1
0.030323 1
0.029413 1
0.029290 1
0.030243 1
0.030100 1
0.030988 1
0.029564 1
0.030577 1
0.028521 1
0.030335 1
0.029892 1
0.031319 1
0.028962 1
0.029096 1
0.031206 1
0.029827 1
0.029174 1
0.030580 1
0.031341 1
0.028441 1
0.030690 1
0.029386 1
0.030331 1
0.029482 1
0.030344 1
0.029975 1
0.030928 1
0.029566 1
0.029636 1
0.058699 1
0.000302 1
0.030548 1
0.034181 1
1.048090 1
0.002424 1
0.013455 3
0.429510 1
0.268699 3
1.770103 3
0.401817 3
0.000618 3
0.376677 3
0.292079 3
0.676238 3
0.282620 3
0.360666 3
3.192285 194
0.935277 197
1.070441 200
0.161124 203
3.561034 206
1.146590 209
0.726136 204
0.565826 206
0.512920 208
8.861835 210
0.418300 212
0.547987 214
8.534528 3
0.502506 3
0.028159 3
0.030193 3
0.029592 3
0.030921 3
0.030728 3
0.029344 3
0.029535 3
0.030339 3
0.028901 3
0.031166 3
0.029068 3
0.030133 3
0.030208 3
0.030919 3
0.029376 3
0.031780 3
0.028778 3
0.030407 3
0.029637 3
0.030314 3
0.080189 3
0.332203 3
0.483703 3
2.309302 3
0.969587 3
1.432882 3
0.499163 3
0.030366 3
0.030098 3
0.030310 3
0.028861 3
0.031150 3
0.030069 3
0.029000 3
0.057199 3
0.004666 3
0.030034 3
0.029153 3
0.029219 3
0.030535 3
0.030861 3
0.029205 3
0.030527 3
0.028790 3
0.093890 3
0.501294 3
0.028950 3
0.030606 3
0.033463 3
0.026631 3
0.029704 3
0.030190 3
0.029711 3
0.030409 1
1.976704 1
0.467307 1
1.093871 7
0.500465 7
0.029482 7
0.030591 7
0.030932 7
0.029125 7
0.029689 7
0.029197 7
0.035633 7
0.024521 7
0.030545 7
0.032176 7
0.031609 7
0.030975 7
0.024950 7
0.030906 7
0.028701 7
0.030849 7
0.033949 570
0.030995 6
0.000055 2
0.000010 283
0.031413 7
0.032170 7
0.024272 7
0.027140 7
0.030411 7
0.029382 7
0.030723 7
0.029919 7
0.029829 7
0.029336 7
0.030403 7
0.028789 7
0.031236 7
0.029870 7
0.030931 7
0.029116 7
0.029906 7
0.032572 7
0.026794 7
0.029705 7
0.144285 7
0.177389 7
0.159102 7
0.174298 7
0.298029 7
6.397006 7
0.315958 7
0.170654 7
0.372167 7
2.746347 3
3.247580 3
0.588681 3
0.613413 3
0.151756 3
0.411074 3
0.617291 3
3.463653 3
0.332441 3
1.766084 3
0.912166 3
1.128266 3
2.381636 3
2.485892 3
0.826551 3
4.211721 3
0.582073 3
0.420108 3
0.520260 3
2.383120 3
0.730358 3
1.198434 3
2.179295 3
3.384439 3
2.710054 3
2.942776 3
0.635902 3
0.296687 3
0.229471 3
2.883506 279
1.788090 3
1.763438 3
4.579868 3
0.989655 3
3.903273 3
0.451613 3
3.249450 3
0.664688 3
6.691891 3
0.557160 3
0.277905 3
0.651847 3
6.165168 3
0.903098 11
0.000176 57
0.000008 8
0.000061 104
23.574515 69
0.881379 1
0.501374 1
0.029700 1
0.029875 1
0.030018 1
0.029287 1
0.030568 1
0.028919 1
0.030994 1
0.029122 1
0.030039 1
0.029871 1
0.031518 282
0.028350 1
0.030142 1
0.030215 1
0.030444 1
0.030540 1
0.029167 1
0.030726 1
0.031660 1
0.028842 1
0.029882 1
0.029449 1
0.030610 1
0.028857 1
0.030299 1
0.030275 1
0.028698 1
0.031256 1
0.030096 1
0.029217 1
0.031749 1
0.029276 1
0.029125 1
0.030609 1
0.029145 1
0.031845 1
0.029777 1
0.029736 1
0.033759 1
0.026645 1
0.029030 1
0.030322 1
0.031033 1
0.029139 1
0.030560 1
0.030171 1
0.029457 1
0.029893 1
0.030710 1
0.033135 1
0.025969 1
0.029753 1
0.030942 1
0.168612 1
0.503841 1
0.029693 1
0.029297 1
0.190395 1
0.834181 1
0.291570 1
3.755995 3
0.263551 3
1.414502 3
0.552023 3
0.568705 3
0.525211 3
7.040905 3
0.501023 3
0.030784 3
0.029351 3
0.029917 3
0.030664 3
0.031059 3
0.028351 3
0.028980 3
0.031136 3
0.029892 3
0.032571 3
0.029003 3
0.028607 3
0.029546 3
0.029604 3
0.030476 3
0.030592 3
0.030490 3
0.029948 3
0.029601 3
0.029304 3
0.031208 3
0.094822 3
0.001702 3
0.028988 3
0.029382 3
0.029086 3
0.030455 3
0.031126 3
0.028881 3
0.030549 3
0.029703 3
0.029610 3
0.030135 3
0.030473 3
0.030936 3
0.028655 3
0.031850 3
0.028014 3
0.030524 3
0.030218 3
0.028583 3
0.032051 2
0.000051 1
0.029440 3
0.031277 3
0.029149 3
0.029181 3
2.048851 1
0.296237 1
0.513364 1
0.226474 1
0.421917 282
5.337215 1
0.189970 1
0.161505 1
0.183848 1
0.211196 1
0.191077 1
0.174468 1
0.171316 1
0.165786 1
0.202336 1
3.006431 1
6.044753 273
0.386008 274
0.923038 277
3.728942 270
0.019739 272
1.123008 269
3.285989 272
0.491486 274
1.462245 276
4.354351 278
1.000671 280
0.277917 282
0.281419 284
0.718448 8
0.299788 5
0.450456 5
0.827920 5
0.650306 5
4.885601 5
1.240218 5
8.193350 1
0.498191 1
0.027328 1
0.032570 1
0.028311 282
0.032551 1
0.026876 1
0.030510 1
0.029358 1
0.029991 1
0.029450 1
0.030699 1
0.028157 1
0.032505 1
0.027811 1
0.030572 1
0.029068 1
0.030099 1
0.287530 3
0.196180 3
2.076273 1
0.499138 1
0.029508 1
0.029871 1
0.029433 1
0.029244 1
0.156104 1
0.194890 1
0.154729 1
0.160075 1
0.179269 1
0.859501 3
2.895535 3
0.377128 1
1.457525 239
0.499967 237
0.030404 235
0.029571 233
0.029936 231
0.029642 229
0.030261 227
0.029483 225
0.030536 223
0.030044 221
0.106172 219
0.499714 217
0.030095 215
0.030062 226
0.030620 221
0.030435 220
0.028843 217
0.028735 214
0.030200 211
0.030523 208
0.142578 205
0.183663 202
0.158229 199
0.325675 196
3.223268 195
0.437398 198
1.066950 201
0.473485 204
0.590509 207
0.525898 210
0.352162 213
0.619871 216
7.309568 183
112.249884 1
1.107100 1
1.230768 1
0.254181 1
1.740557 1
2.273184 1
3.371705 1
0.647429 1
1.704599 1
0.393666 1
0.890164 1
3.205392 1
0.416936 1
2.087790 1
0.343625 1
10.404084 1
2.716691 1
1.085547 1
0.186982 1
0.494069 1
0.118538 1
0.725053 1
1.722286 1
0.501232 1
0.156773 1
0.147757 1
0.161567 1
0.705054 5
0.891130 5
0.696403 3
0.192946 3
0.155793 3
0.145361 3
0.415508 3
4.427982 1
3.793083 1
2.493994 1
1.526608 1
3.810300 1
0.510112 1
3.154100 1
0.660935 1
0.923492 4
0.439700 1
4.436429 1
0.096589 1
1.379031 1
0.123953 1
4.436243 1
0.866273 1
2.869048 4
0.713889 1
2.125937 1
348.839557 1
1.098270 1
2.510932 1
0.439635 1
2.795941 1
2.446541 1
1.776406 1
0.190545 1
1.241934 1
0.138240 1
1.926067 1
1.361441 1
2.368651 1
2.223048 1
1.730219 1
3.082254 1
14.622500 2
0.000026 9
0.009914 41
0.000037 10
0.000038 104
3.078545 53
3.377350 1
1.019171 7
0.451135 7
0.030287 7
0.031216 7
0.029259 7
0.030474 7
0.029243 7
0.030315 7
0.028411 7
0.032447 7
0.028389 7
0.030203 7
0.030416 7
0.030665 7
0.031936 7
0.029557 7
0.030832 7
0.031889 7
0.031048 7
0.030098 7
0.029918 7
0.023024 7
0.030227 7
0.030079 7
0.053265 7
0.008042 7
0.028732 7
0.030912 7
0.028221 7
0.031169 7
0.032188 7
0.028070 7
0.028745 7
0.030843 7
0.032296 7
0.027355 7
0.030711 7
0.030478 7
0.029724 7
0.029797 7
0.031162 7
0.030571 7
0.028876 7
0.145993 7
0.203606 7
0.186149 7
3.152502 3
1.168055 3
0.176344 3
0.218128 3
1.219915 3
0.619176 3
0.340204 3
0.499414 7
0.367681 3
0.397453 3
0.666936 3
2.433519 3
0.393844 3
0.625185 3
0.313812 3
2.413705 3
0.744028 3
5.946086 3
0.965414 3
2.862948 3
2.153149 3
1.125223 3
0.489271 3
0.090455 3
2.118548 3
0.839666 3
3.419156 3
3.260861 3
2.361041 3
2.476163 3
2.473667 3
2.491228 3
3.212368 3
3.175054 3
2.065963 3
4.673991 2
0.000012 9
0.003026 24
0.000015 10
0.000135 104
77.210070 1
0.336984 1
1.014001 1
0.465627 1
1.841003 1
3.201556 1
0.646806 1
2.241975 1
0.792272 1
0.113372 1
0.514578 1
0.112982 1
2.684024 1
1.340102 1
3.270256 1
3.285592 1
1.885360 1
15.887107 2
0.000278 9
0.178299 135
0.012674 8
0.000280 104
11.190522 1
1.615384 1
0.596361 1
0.288207 1
0.525190 1
0.234958 1
0.292591 1
1.253817 1
0.479544 1
0.250649 1
1.239745 1
0.226746 1
0.562843 1
0.483199 1
0.139702 1
0.540667 1
0.127729 1
1.484209 1
1.666251 1
0.428929 1
0.346156 1
0.879293 1
1.926071 2
0.001136 9
0.128914 93
0.000040 72
0.000022 152
0.000005 66
0.001280 2
0.013970 112
1.478317 21
0.205679 42
1.548311 2
0.000308 9
0.085536 110
0.000032 2
0.000020 21
0.000015 2
0.013317 8
0.000030 104
11.705488 17
0.883410 38
0.912323 1
0.502582 1
0.032195 1
0.030774 1
0.028556 1
0.028953 1
0.031750 1
0.031972 1
0.028750 1
0.029393 1
0.030929 1
0.029313 1
0.030345 1
0.030110 1
0.030407 1
0.029954 1
0.030425 1
0.029571 1
0.374012 1
0.750781 5
0.622848 5
1.378874 2
0.003092 9
0.033762 33
3.272817 2
0.039599 50
0.110555 114
0.024570 132
0.041381 134
0.141763 154
0.001593 63
0.002522 75
0.397662 79
0.002031 8
0.047535 195
0.038497 208
0.005005 33
0.503141 33
0.502962 33
0.503021 33
0.503066 33
0.502326 33
0.502595 33
0.501953 57
0.502159 57
0.501924 57
0.502634 57
0.502153 74
0.213922 156
0.000065 109
0.176409 144
0.522041 16
0.041963 109
0.038453 40
0.001007 399
0.038464 43
0.000093 1
0.043472 43
0.000097 1
0.058884 43
0.000044 1
0.041697 44
0.035247 44
0.039753 44
0.034020 44
0.035499 44
0.038381 44
0.113345 184
0.003138 357
0.005256 50
0.022736 136
0.033686 57
0.001003 64
0.000095 70
0.000033 2
0.000902 64
0.000118 70
0.000019 2
0.001086 82
1.618987 2
0.000041 15
0.000828 3
1.581831 8
0.000008 104
8.237863 21
0.296268 42
0.235967 38
0.212439 42
0.256453 57
0.251155 79
4.146683 11
0.007501 155
2.707403 53
0.199310 138
0.195685 42
1.772039 38
0.309881 42
0.365416 57
2.865851 11
0.002338 138
4.164789 40
0.358247 79
0.595274 138
0.309271 42
0.359408 38
1.030616 42
2.376925 11
0.004644 210
0.000215 112
4.976542 17
0.476374 1
0.500385 1
0.031857 1
0.028452 1
0.029860 1
0.033439 1
0.027175 1
0.030610 1
0.030103 1
0.028887 1
0.030496 1
0.029877 1
0.159357 1
0.414060 3
0.681006 5
0.783770 5
5.105003 11
0.005450 212
0.000185 112
4.621567 17
1.413409 4
0.498708 4
0.030725 4
0.028958 4
0.030493 4
0.029096 4
0.030495 4
0.028506 4
0.031134 4
0.029650 4
0.030193 4
0.030516 4
0.028996 4
1.356443 1
0.327746 1
0.020461 1
1.378409 4
0.683501 1
0.773880 1
0.743075 1
0.372470 1
3.549531 11
0.000713 212
0.000208 8
0.000067 104
59.144364 1
0.343938 1
0.512596 1
0.568283 1
0.578806 1
1.220690 1
0.670155 1
3.479814 786
147.602253 1
2.419697 1
3.830761 243
3.436018 1
2.998965 1
0.859572 2
0.000117 80
0.000145 65
0.000910 104
2.069468 1
2.211984 1
1.863617 11
0.000037 69
0.000052 2
0.000007 55
0.000023 2
0.000089 8
0.000053 104
94.672979 1
0.174205 1
3.891433 1
0.378968 1
10.117003 1
0.673393 1
0.350772 1
0.349122 1
0.821976 1
0.641720 1
4.221087 11
0.070535 25
0.050366 176
0.000008 141
0.000814 812
1.304135 551
0.017069 220
0.299541 330
0.004336 551
0.161320 550
0.041220 550
0.371696 550
0.033642 33
0.000030 77
0.002902 440
0.130547 550
1.890344 551
0.053298 550
26.220990 28
0.000687 112
95.331368 1
0.195532 1
0.978890 1
0.465625 1
0.853121 1
0.709607 1
2.364031 1
0.440207 1
0.248485 1
0.208033 1
0.676434 1
0.623235 1
0.907272 11
0.018294 25
0.022535 112
0.000078 2
0.000018 3
0.000024 2
0.000017 15
0.000017 2
0.001190 834
0.000012 72
0.000072 142
0.000005 180
0.000004 109
0.000004 58
0.000004 109
0.000004 72
0.000004 109
0.000005 126
0.000006 112
0.000006 19
0.000215 182
0.000027 266
1.727925 551
0.015898 33
0.000009 77
0.000008 110
0.000027 110
0.000025 110
0.000004 33
0.000004 77
0.293688 33
0.000143 78
0.000009 440
34.433122 28
0.001279 112
7.221765 1
0.219240 1
0.863751 1
0.438653 1
1.464231 1
1.744694 1
0.237798 1
2.139802 1
0.563829 1
0.318450 1
0.189835 1
0.619582 1
0.888342 1
0.856081 11
0.021045 1039
0.000310 50
0.000892 52
0.000586 52
0.000031 67
0.002855 573
0.000568 80
0.000948 79
0.000622 104
0.000329 67
0.001201 154
0.000008 67
0.000055 104
0.000006 50
0.000006 2
0.000040 134
0.000255 67
0.004906 112
38.252128 1
0.167556 1
0.789758 1
1.053708 1
1.716553 1
0.838608 1
0.593984 1
0.269615 1
0.199996 1
0.602080 1
2.106747 1
0.829598 11
0.011906 24
0.000010 142
0.000088 56
0.013704 135
0.000147 737
0.000007 241
0.000252 1268
0.000017 6
31.120110 100
0.019217 12
0.000046 6
0.000272 77
0.027704 105
0.043016 105
0.128219 105
0.754591 7
0.000026 7
0.000109 7
0.000036 7
0.000018 7
0.000092 7
0.000125 21
0.000503 21
0.000080 7
0.000017 7
0.000092 7
0.016845 14
0.000020 7
0.000023 14
0.000004 7
0.000087 63
0.027567 14
0.000259 2422
0.041833 162
0.000777 4095
0.000027 1098
0.433231 7
0.000557 147
0.000100 373
0.000099 189
0.000028 222
0.000007 93
0.000023 88
0.000022 84
0.000018 58
0.000016 10
0.000019 81
0.000018 89
0.000016 10
0.000019 72
0.000018 76
0.000019 66
0.000020 80
0.000018 80
0.000017 20
0.000019 76
0.000018 72
0.000053 78
0.000032 63
0.000028 10
0.000043 87
0.000032 73
0.000020 73
0.000048 81
0.000038 76
0.000017 36
0.000350 3016
0.008461 239
0.000023 7
0.000059 14
0.000007 153
0.000046 14
0.000018 7
0.000019 118
0.000032 14
0.000022 7
0.000024 184
0.000029 14
0.000046 79
0.000007 84
0.000046 67
0.000016 80
0.000018 88
0.000035 80
0.000015 76
0.000019 66
0.000044 160
0.000007 96
0.000043 72
0.000061 78
0.000023 73
0.000008 87
0.000048 146
0.000007 81
0.000051 112
0.000007 89
0.000047 75
0.000007 145
0.000045 82
0.000016 78
0.000018 82
0.000086 97
0.000075 71
0.000359 2632
0.008317 7
0.000034 193
0.000031 7
0.000024 7
0.000020 7
0.000025 170
0.000020 7
0.000023 7
0.000020 7
0.000024 118
0.000020 7
0.000021 7
0.000020 7
0.000024 189
0.000020 7
0.000023 7
0.000018 88
0.000027 9
0.000022 71
0.000047 75
0.000024 65
0.000004 79
0.000034 99
0.000094 76
0.000081 223
0.000023 817
0.000019 78
0.000016 82
0.000012 97
0.000025 142
0.000011 83
0.000012 83
0.000027 98
0.000005 17
0.000031 194
0.000019 9
0.000011 71
0.000010 75
0.000005 65
0.000058 95
0.000012 107
0.000004 83
0.000155 1799
0.011459 125
0.000018 7
0.000016 7
0.000026 187
0.000023 7
0.000015 7
0.000024 7
0.000008 184
0.000033 7
0.000005 7
0.000032 7
0.000019 174
0.000006 14
0.000027 158
0.000016 94
0.001476 148
0.000060 233
0.000010 73
0.000010 81
0.000010 76
0.000008 36
0.000010 10
0.000009 79
0.000026 75
0.000005 75
0.000034 142
0.000005 10
0.000219 160
0.000062 3399
0.007827 7
0.000053 195
0.000015 78
0.000016 19
0.000013 9
0.000440 2279
0.000037 194
0.000017 7
0.000004 7
0.000017 135
0.000016 7
0.000038 7
0.000006 7
0.000015 118
0.000010 7
0.000012 7
0.000013 82
0.000015 72
0.000005 82
0.000418 4095
0.000011 870
0.012340 7
0.000064 183
0.000018 7
0.000005 7
0.000043 193
0.000016 7
0.000004 7
0.000020 7
0.000004 169
0.000017 7
0.000010 7
0.000003 7
0.000035 125
0.000014 7
0.000020 86
0.000025 144
0.000004 80
0.000028 110
0.000010 9
0.000008 78
0.000004 75
0.000020 145
0.000008 72
0.000009 10
0.000010 78
0.000003 82
0.000020 97
0.000004 71
0.000022 154
0.000004 83
0.000019 98
0.000008 10
0.000010 67
0.000009 81
0.000073 79
0.000096 83
0.000017 1408
0.000009 146
0.000008 70
0.000009 10
0.000009 81
0.000007 87
0.000008 10
0.000004 87
0.000020 142
0.000008 78
0.000004 84
0.000018 101
0.000008 10
0.000009 67
0.000008 78
0.000004 79
0.000020 245
0.000017 76
0.000009 77
0.000010 82
0.000004 87
0.000020 52
0.000009 82
0.000004 82
0.000151 87
0.000007 7
0.005366 191
0.000615 21
0.000008 184
0.000005 7
0.000055 14
0.000048 191
0.000017 210
0.000005 44
0.000027 152
0.000060 74
0.000006 69
0.000004 71
0.000005 9
0.000038 78
0.000006 82
0.000027 97
0.000048 384
0.000003 22
0.000002 10
0.000023 67
0.000004 81
0.000005 79
0.000023 83
0.000094 631
0.000004 162
0.000031 234
0.000045 236
0.000004 78
0.000022 150
0.000021 67
0.000032 78
0.000002 80
0.000023 87
0.000021 10
0.000021 87
0.000019 71
0.000003 71
0.000021 78
0.000038 163
0.000002 22
0.000035 77
0.000040 78
0.000003 162
0.000003 162
0.000022 76
0.000005 77
0.000060 82
0.000254 737
0.008926 125
0.000367 7
0.000063 4095
0.000040 1729
0.013584 4095
0.000015 1637
0.041960 7
0.000045 195
0.000012 7
0.000013 7
0.000371 4095
0.000008 1236
0.023691 7
0.000059 187
0.000018 7
0.000020 7
0.000017 7
0.000021 130
0.000017 7
0.000018 7
0.000017 7
0.000020 118
0.000017 7
0.000017 7
0.000017 7
0.000020 175
0.000017 7
0.000019 7
0.000022 80
0.000022 78
0.000020 82
0.000023 74
0.000021 88
0.000012 75
0.000028 85
0.000021 82
0.000020 87
0.000018 42
0.000221 1053
0.000024 217
0.000013 49
0.000008 88
0.000011 7
0.000025 264
0.000012 82
0.000004 159
0.000028 151
0.000015 81
0.000009 87
0.000008 42
0.000010 10
0.000025 164
0.000005 160
0.000027 77
0.000002 150
0.000145 886
0.029847 7
0.000083 187
0.000013 21
0.000004 191
0.000010 7
0.000012 7
0.000013 7
0.000022 183
0.000293 4095
0.000036 475
0.029736 7
0.000084 184
0.000025 7
0.000029 7
0.000018 7
0.000021 185
0.000017 7
0.000019 7
0.000017 7
0.000021 190
0.000016 7
0.000020 7
0.000016 7
0.000021 195
0.000010 7
0.000020 7
0.000031 41
0.000014 9
0.000009 162
0.000012 79
0.000021 155
0.000008 76
0.000011 76
0.000023 43
0.000004 165
0.000030 114
0.000004 89
0.000229 3328
0.029967 125
0.000020 7
0.000015 7
0.000016 7
0.000005 190
0.000024 7
0.000011 7
0.000017 197
0.000023 7
0.000009 7
0.000011 7
0.000004 188
0.000023 7
0.000011 7
0.000040 155
0.000004 76
0.000021 75
0.000026 32
0.000011 94
0.000023 168
0.000004 24
0.000027 89
0.000002 78
0.000224 3377
0.061516 7
0.000424 185
0.000022 7
0.000024 7
0.000020 7
0.000024 182
0.000024 14
0.000015 7
0.000020 184
0.000015 7
0.000018 7
0.000018 7
0.000020 141
0.000360 3965
0.028270 2116
0.000169 194
0.000026 7
0.000048 7
0.000034 208
0.000039 14
0.000118 168
0.000033 6
0.000032 6
0.000035 9
0.000125 837
0.008547 6
0.000135 12
0.000025 12
0.000029 12
0.000014 6
0.000029 6
0.000014 6
0.000003 6
0.000085 24
0.019905 6
0.000071 6
0.000132 86
0.011263 899
0.008712 6
0.000056 6
0.000038 6
0.000027 6
0.000028 6
0.000029 6
0.000027 6
0.000017 6
0.000043 6
0.000014 6
0.000013 6
0.000015 6
0.000049 12
0.000005 6
0.011040 6
0.000063 6
0.000068 6
0.000005 12
0.000011 6
0.000010 6
0.000009 7
0.000014 7
0.000043 14
0.000022 14
0.000004 7
0.000073 7
0.009161 7
0.000054 7
0.000005 7
0.000086 84
0.011402 1297
0.000104 24
0.000615 42
0.000008 6
0.010635 92
0.027713 7
0.000060 7
0.000005 7
0.000011 7
0.000022 7
0.000013 7
0.000027 7
0.000005 14
0.000028 14
0.000009 7
0.000016 7
0.000037 7
0.000004 7
0.020893 7
0.000091 7
0.000005 7
0.000143 84
0.015990 7
0.000085 7
0.000009 7
0.000092 7
0.000008 7
0.000022 7
0.000025 7
0.000021 7
0.000412 805
0.000093 77
0.000032 83
0.000031 76
0.000028 67
0.000027 10
0.000027 34
0.000028 48
0.000028 45
0.000027 56
0.000031 79
0.000029 73
0.000028 77
0.000030 6
0.000017 6
0.000086 6
0.010138 6
0.000049 6
0.000037 6
0.000025 6
0.000035 12
0.000006 12
0.000033 6
0.000013 6
0.000047 6
0.000070 6
0.000006 18
0.015666 6
0.000087 6
0.000010 12
0.000005 6
0.000013 6
0.000010 6
0.000013 7
0.000013 7
0.000020 7
0.000012 7
0.000026 7
0.000002 7
0.000057 14
0.015711 7
0.000007 7
0.000024 7
0.000011 7
0.000113 77
0.013684 7
0.000073 7
0.000007 7
0.000055 7
0.000007 7
0.000123 70
0.017271 7
0.000032 7
0.000052 7
0.000008 7
0.000048 7
0.000014 7
0.000004 7
0.000127 56
0.013136 7
0.000071 7
0.000007 7
0.000141 7
0.000008 174
0.000054 6
0.000034 6
0.000028 6
0.000039 6
0.000032 6
0.000419 1822
0.000021 6
0.014128 6
0.000053 6
0.000040 6
0.000028 6
0.000031 6
0.000037 6
0.000014 6
0.000017 6
0.000041 18
0.000006 6
0.000105 12
0.000007 6
0.019477 6
0.000014 14
0.000024 7
0.000089 7
0.000029 7
0.000025 7
0.000032 7
0.000020 7
0.000038 7
0.000030 7
0.000023 7
0.000026 7
0.000018 7
0.000076 7
0.010613 7
0.000096 7
0.000004 7
0.000143 84
0.015844 7
0.000044 7
0.000036 7
0.000073 7
0.000007 7
0.000024 7
0.000018 7
0.000055 7
0.000008 7
0.000210 7
0.000008 35
0.010557 7
0.000039 7
0.000034 7
0.000037 7
0.000025 7
0.000018 7
0.000038 14
0.000015 7
0.000032 14
0.000006 7
0.000096 14
0.000005 7
0.009614 7
0.000046 7
0.000149 91
0.010770 7
0.000065 7
0.000036 7
0.000004 7
0.000030 7
0.000009 7
0.000018 7
0.000012 7
0.000005 7
0.000026 7
0.000011 7
0.000012 7
0.000073 14
0.000018 52
0.000034 7
0.007882 7
0.000039 7
0.000024 7
0.000016 7
0.000021 118
0.000016 7
0.000016 7
0.000210 7
0.000110 4095
0.000053 93
0.013333 7
0.000044 184
0.000011 7
0.000025 7
0.000012 7
0.000017 182
0.000009 7
0.000014 7
0.000009 7
0.000013 156
0.000013 7
0.000018 7
0.000011 7
0.000023 118
0.000014 7
0.000023 7
0.000028 76
0.000024 30
0.000015 9
0.000013 78
0.000023 86
0.000015 73
0.000012 76
0.000024 85
0.000020 34
0.000102 10
0.000252 3108
0.011847 7
0.000055 139
0.000021 7
0.000028 7
0.000012 7
0.000029 118
0.000017 7
0.000016 7
0.000014 7
0.000013 187
0.000023 14
0.000012 7
0.000005 195
0.000026 14
0.000029 73
0.000018 76
0.000010 85
0.000004 33
0.000026 9
0.000009 30
0.000016 29
0.000009 16
0.000009 23
0.000016 15
0.000014 18
0.000004 81
0.000025 78
0.000010 85
0.000015 57
0.000057 10
0.000210 81
0.000032 3017
0.012366 7
0.000044 185
0.000025 7
0.000016 7
0.000023 7
0.000067 169
0.000024 6
0.000015 6
0.000011 6
0.000012 6
0.000012 6
0.000010 6
0.000013 6
0.000012 6
0.000013 9
0.000011 31
0.000011 31
0.000014 80
0.000011 38
0.000021 28
0.000008 57
0.000009 10
0.000009 23
0.000009 66
0.000008 10
0.000009 23
0.000008 54
0.000009 10
0.000008 20
0.000009 54
0.000008 10
0.000044 23
0.000089 19
0.000006 513
0.018442 6
0.000049 12
0.000015 6
0.000026 6
0.000008 6
0.000009 6
0.000003 6
0.000307 2004
0.025530 7
0.000402 196
0.000029 24
0.000007 58
0.000009 37
0.000005 118
0.000014 9
0.000006 109
0.000007 66
0.000013 33
0.000006 134
0.000005 29
0.000003 23
0.000043 264
0.000006 33
0.000005 48
0.000014 10
0.000007 137
0.000003 10
0.000002 10
0.000025 6
0.000013 6
0.000031 6
0.017405 42
0.000073 24
0.000007 24
0.010103 13
0.000114 35
0.000008 56
0.030630 7
0.000006 98
0.030889 105
0.015035 105
0.014831 7
0.000055 98
0.018331 7
0.000242 1105
0.012471 66
0.000005 18
0.000120 6
0.018007 6
0.000428 98
0.012236 7
0.000022 7
0.000019 7
0.000011 7
0.000024 7
0.000016 7
0.000011 7
0.000017 7
0.000064 49
0.016584 21
0.000343 84
0.016750 21
0.000777 7
0.000058 77
0.009265 7
0.000168 28
0.001013 7
0.000281 28
0.000052 196
0.000003 42
0.000163 750
0.000087 6
0.009826 6
0.000892 84
0.012075 6
0.000294 12
0.000015 6
0.000011 6
0.000219 6
0.000011 6
0.000010 7
0.000012 7
0.000043 7
0.000012 7
0.000013 7
0.000012 7
0.000142 7
0.000007 7
0.014872 7
0.000017 7
0.000018 7
0.000010 7
0.000164 77
0.009359 7
0.000026 7
0.000024 7
0.000017 7
0.000018 7
0.000019 7
0.000017 7
0.000020 7
0.000018 7
0.000017 7
0.000017 7
0.000019 7
0.000017 7
0.000018 7
0.000038 7
0.029264 7
0.000017 7
0.000039 7
0.000051 21
0.000047 21
0.000020 7
0.000036 14
0.000019 7
0.000010 7
0.000030 7
0.016142 21
0.000050 21
0.000144 63
0.014850 42
0.000148 63
0.015780 245
0.000104 852
0.015786 6
0.000069 6
0.000079 6
0.000068 36
0.000011 6
0.000019 6
0.000011 6
0.000005 6
0.000058 6
0.000004 6
0.013179 6
0.000036 6
0.000020 6
0.000024 6
0.000018 7
0.000010 7
0.000009 7
0.000018 7
0.000009 7
0.000005 7
0.000033 14
0.000009 7
0.000004 7
0.000044 7
0.016339 7
0.000106 7
0.000025 7
0.000020 7
0.000055 77
0.016186 7
0.000033 7
0.000024 7
0.000017 7
0.000017 7
0.000019 7
0.000023 7
0.000011 7
0.000047 49
0.018014 7
0.000043 7
0.000018 7
0.000019 7
0.000012 7
0.000016 7
0.000026 14
0.000022 7
0.000005 7
0.000040 14
0.000058 14
0.000005 7
0.010143 1137
0.027197 6
0.000580 12
0.000077 72
0.009037 6
0.000008 95
0.009247 7
0.000030 7
0.000046 7
0.000074 21
0.000075 21
0.000088 21
0.000177 21
0.014369 7
0.000021 7
0.000056 7
0.000028 7
0.000014 7
0.000040 7
0.000068 21
0.000067 21
0.000020 7
0.000010 7
0.000031 7
0.016264 21
0.000044 7
0.000020 7
0.000078 7
0.000039 7
0.000014 7
0.000165 7
0.000025 7
0.000016 7
0.000067 28
0.029579 7
0.000202 159
0.000168 18
0.000177 1343
0.016795 6
0.000058 6
0.000036 6
0.000026 6
0.000028 6
0.000030 6
0.000049 6
0.000030 6
0.000029 6
0.000026 6
0.000032 12
0.000014 6
0.000070 7
0.000007 7
0.020135 7
0.000046 7
0.000272 91
0.007445 7
0.000022 7
0.000113 7
0.000023 7
0.000027 7
0.000026 7
0.000034 7
0.000015 7
0.000035 7
0.000027 7
0.000020 7
0.000096 28
0.010146 7
0.000023 7
0.000058 7
0.000006 14
0.000099 70
0.010315 7
0.000192 98
0.009780 7
0.000056 14
0.000014 7
0.000017 7
0.000019 7
0.000013 7
0.000034 7
0.000015 7
0.000024 7
0.000013 7
0.000035 7
0.000139 7
0.000004 172
0.000198 2151
0.027329 6
0.000071 6
0.000006 6
0.000014 6
0.000018 6
0.000039 12
0.000014 6
0.000016 6
0.000028 12
0.000021 6
0.000084 6
0.000006 12
0.018808 6
0.000011 12
0.000083 6
0.000029 6
0.000047 6
0.000013 6
0.000045 6
0.000025 6
0.000035 6
0.000032 7
0.000029 7
0.000014 7
0.000047 7
0.000097 7
0.077644 14
0.000067 91
1.536861 17
0.000639 58
0.001648 112
6.759308 1
0.678508 1
0.258523 1
0.701362 1
0.534948 1
0.488715 1
3.648462 1
1.899567 1
0.500384 1
0.287972 1
0.161292 1
0.962767 1
0.238620 1
2.943242 11
0.006164 44
0.000019 54
0.000349 112
102.854799 1
0.335537 1
0.694285 1
0.406058 1
0.579989 1
0.548602 1
6.772343 1
2.201594 1
1.953764 1
0.393930 1
2.519912 1
0.490469 1
0.629849 1
0.549461 1
1.001132 1
0.595385 1
0.271641 1
1.340414 1
6.487730 11
0.003241 112
6.767998 1
0.375066 1
0.562967 1
0.919671 2
0.000095 9
0.000009 10
0.000029 2
0.000104 8
0.000220 104
3.202712 1
2.202843 1
0.554238 1
1.245139 1
0.930443 1
2.196071 1
1.114697 10
4.749296 2
0.000008 9
0.000961 134
5.236368 16
0.247738 22
0.990319 11
0.000242 31
0.000052 126
5.535687 1
0.171556 1
0.343159 1
0.533166 1
0.134600 1
1.452725 123
2.380160 5
0.182355 12
0.766462 135
57.006893 1
0.863475 1
0.412293 1
1.134763 1
0.848439 1
1.634907 1
1.350841 1
0.598383 1
1.195923 1
0.537330 1
0.644137 1
3.348960 11
0.006751 1
0.000179 2
0.000184 8
0.000032 104
4.579100 1
0.727307 1
1.356569 1
2.261061 2
0.000432 9
0.001182 53
0.000055 2
0.000050 45
0.000038 2
0.000421 8
0.000044 104
13.955906 1
5.592613 4
0.842412 1
0.649421 1
0.529788 1
0.506914 1
0.259199 1
1.324635 1
2.624691 1
0.192305 1
0.234467 1
0.804770 1
3.972491 25
0.000043 2
0.000112 8
0.000032 104
117.407255 1
0.872188 1
1.082627 4
0.365024 1
0.146961 1
0.583301 1
0.697606 13
0.000906 112
2.879688 1
1.484619 4
0.437190 4
0.917383 1
5.176678 1
0.247307 1
0.533586 1
0.153549 1
0.276589 1
0.872814 130
5.758462 1
0.589701 1
0.465860 1
0.135736 1
0.366830 1
3.534530 1
0.732047 7
0.582704 3
1.210381 3
11.606810 11
0.156095 43
0.006064 8
0.000025 104
7.943534 5
0.268492 15
0.714928 1
0.432349 1
0.216952 1
0.195490 3
0.386594 3
0.177505 3
0.812566 4
0.167847 4
0.158584 4
0.159764 4
0.139275 4
1.069707 1
0.708843 1
1.560607 1
0.543444 1
0.460432 1
3.364855 130
6.100877 10
3.246425 1
0.324048 1
3.813084 4
0.499817 4
0.030895 4
0.028952 4
0.031428 4
0.033713 4
0.126809 4
1.757569 1
0.293068 1
0.443919 1
0.132186 1
0.230057 1
1.255724 1
0.602053 1
3.016287 1
0.429254 1
0.546933 1
0.628632 1
0.433190 1
3.352233 137
12.824726 1
0.432436 1
1.198979 4
0.177447 4
1.436095 1
0.205067 1
1.176322 1
0.151985 1
0.233573 1
0.237674 1
2.788868 1
1.715839 1
0.455024 1
0.405793 1
0.144075 1
0.679269 1
0.720549 11
0.098857 113
0.000018 2
0.000023 27
0.000009 2
0.009874 8
0.000050 104
6.098847 1
0.627548 1
0.289711 1
0.377977 1
0.611496 1
1.379736 1
1.142905 1
0.554358 1
0.843379 1
1.309807 1
0.207768 1
0.659574 1
0.574538 1
0.135495 1
0.628002 1
0.132009 1
0.295354 1
2.713753 1
1.804664 1
0.203612 1
2.587942 1
0.725031 1
2.536770 1
1.046295 1
0.155384 1
0.331094 1
1.712544 1
2.806101 11
0.012464 33
3.446817 2
0.016320 50
0.063602 114
0.005165 66
0.000047 66
0.042064 67
0.000032 67
0.146101 76
0.000066 2
0.000120 76
0.000150 63
0.003319 75
0.302888 77
0.000024 2
0.000082 12
0.000016 2
0.045395 193
0.000035 2
0.034676 61
0.000023 2
0.000029 145
0.000022 2
0.007028 29
0.001061 4
0.501448 29
0.000084 4
0.501173 29
0.000128 4
0.501446 33
0.501364 33
0.501873 33
0.501451 57
0.500694 57
0.501474 57
0.501095 57
0.502486 100
0.115330 207
0.116897 156
0.347332 16
0.024266 115
0.003918 40
0.000058 179
0.000044 172
0.000034 48
0.006697 44
0.005177 44
0.008148 44
0.001917 44
0.001483 44
0.006207 44
0.001288 44
0.003739 44
0.008343 44
0.048107 180
0.004399 367
0.004635 67
0.016451 136
0.040702 74
0.005345 136
0.001297 136
0.003395 82
0.555438 20
1.113327 112
5.733765 27
0.304663 44
1.212442 11
0.001042 248
0.000323 112
43.417422 1
2.210503 1
0.184610 1
0.539385 1
0.369204 1
2.344381 1
0.805364 1
0.298845 1
3.268072 1
1.415625 1
0.544477 1
0.420220 1
0.140858 1
2.567386 1
1.403600 1
2.606240 1
5.933515 1
2.867734 1
2.271008 1
1.124550 1
2.501477 1
4.073979 1
3.013249 137
6.143343 1
0.270271 1
0.529817 1
0.124196 1
0.283077 1
0.286733 1
1.453377 1
1.232384 4
0.815133 1
0.803287 1
4.608321 1
0.510530 1
0.425441 1
0.143164 1
0.283832 1
2.840300 1
2.021140 1
2.464275 1
0.299404 1
0.898730 1
0.137919 1
0.281961 1
0.361587 1
1.627767 1
1.061535 1
2.124067 1
0.555289 1
0.565814 1
1.701607 1
0.372009 1
1.362408 1
2.680524 11
0.001121 255
0.001284 9
0.000034 161
0.000155 85
0.000611 112
38.725365 1
0.217491 1
10.782596 1
0.207488 1
5.498161 1
0.903353 1
0.174020 1
0.451503 1
0.371341 1
0.940103 11
0.026363 25
0.020163 645
0.000010 147
0.000005 43
0.000004 5
0.000004 49
0.000004 41
0.000007 5
0.000005 42
0.000004 50
0.000004 2
0.000004 5
0.000003 19
0.000121 438
4.795377 28
0.000207 8
0.000032 104
10.170854 1
0.842557 1
0.254408 1
0.329920 1
0.372870 1
1.485502 1
0.653692 1
0.440721 1
0.818491 2
0.000869 9
0.004887 30
0.000342 112
3.649671 1
0.740323 1
1.673175 11
0.084733 40
0.011203 8
0.000227 104
6.859564 2
0.298093 10
0.895352 11
0.001137 30
0.000296 112
1.474140 8
0.986728 4
0.613480 1
1.368767 2
0.004050 9
0.000034 11
0.000111 8
0.000059 104
3.853057 8
0.968635 4
0.677065 1
1.600080 2
0.000011 9
0.001562 17
0.000015 2
0.000165 8
0.000030 104
3.123032 8
0.906650 4
0.774585 1
0.942535 2
0.000046 9
0.001684 8
0.000254 112
39.284368 1
0.186030 1
0.640634 1
0.161080 1
2.321816 1
0.732282 1
2.842518 1
4.761786 1
1.100863 1
2.941434 1
1.063952 1
1.884533 1
0.665077 1
2.260303 1
1.424859 1
1.830854 1
2.461739 2
0.000441 9
0.001465 122
3.994440 16
1.045963 1
0.795461 3
2.274409 3
0.928272 3
2.523134 3
2.670343 3
2.662468 3
2.484139 3
2.952786 3
2.749493 3
2.317474 3
1.030197 11
0.001300 17
0.000250 10
0.000045 104
25.180314 1
0.809768 1
0.413323 1
0.657311 1
0.294494 1
0.627653 1
0.748237 1
0.692389 1
0.612195 1
2.412649 4
0.502999 1
1.660237 1
0.971157 1
0.923494 4
0.449905 1
4.154828 1
0.163821 1
0.548478 1
0.137631 1
1.657160 1
0.874698 1
0.999432 1
0.007184 1
1.087941 4
2.090329 1
1.333128 1
1.480773 1
0.802252 1
2.845356 1
1.067328 1
2.275334 1
0.094442 1
0.449312 1
0.087844 1
1.180763 1
1.073088 1
2.202023 1
2.339415 1
0.502472 1
2.517927 1
2.061554 1
1.803731 1
1.708173 1
0.898272 1
2.328052 1
3.211343 1
0.142263 1
0.509643 1
0.110499 1
1.747394 1
1.143234 1
2.412568 1
1.825358 1
2.145383 1
2.331753 1
1.207790 1
0.911256 1
2.492691 1
1.996039 1
2.389091 1
2.087923 1
0.625429 1
0.399741 3
4.318478 2
0.124139 2
2.083506 4
0.361554 4
4.502521 2
0.931982 2
1.230756 4
0.354907 2
0.243354 2
0.841490 4
0.167899 4
0.961407 2
0.223782 2
0.216910 2
1.527603 2
0.491160 2
0.153520 2
0.377606 1
0.304550 2
0.352120 2
0.198033 2
0.639130 2
0.158802 2
5.922735 1
2.843831 11
0.004841 2
0.000019 2
0.000014 44
0.000013 2
0.000090 8
0.000018 104
81.337785 1
1.633546 1
0.867344 1
0.087438 1
0.418050 1
0.117229 1
1.375579 1
0.845478 1
1.143093 1
1.108470 4
0.699928 1
1.797106 1
1.420235 1
0.420351 1
1.741845 1
0.087424 1
0.292720 1
0.176664 1
0.327191 1
1.874569 1
0.842645 1
1.358200 1
1.336049 1
0.954178 1
1.677243 1
2.316403 1
0.599645 1
1.775220 1
0.105423 1
0.594732 1
0.088507 1
0.982444 1
0.652480 1
1.437909 1
2.759921 1
1.250610 1
1.897952 1
0.991549 1
1.053798 1
0.971584 1
3.225317 1
4.750939 1
1.074503 1
2.091937 1
1.591687 1
1.012018 1
1.368712 1
2.339719 1
2.259748 1
0.193886 1
1.116051 1
2.221400 1
0.955233 1
1.449045 1
1.196761 1
0.145918 1
1.991556 11
0.001146 2
0.000020 2
0.002544 9
0.001110 8
0.000014 2
0.000224 8
0.000024 104
25.272106 1
0.146736 1
0.348382 1
0.888350 4
0.323601 1
0.961743 11
0.000987 210
0.000324 112
3.744119 1
0.135161 1
0.640735 1
0.665829 1
1.437920 1
0.325977 1
0.247688 1
1.789444 1
1.669107 1
0.943388 1
0.112159 1
0.485654 1
0.221794 1
1.585366 1
1.094374 1
3.542334 1
0.820843 1
0.453432 1
2.253150 1
0.846651 1
2.352035 1
1.305592 1
1.702271 1
0.846760 1
0.720980 1
1.636027 1
0.179569 1
0.568205 1
0.644887 1
0.672482 1
2.416856 1
2.430739 1
1.945100 11
0.005682 6
0.000284 40
0.002359 89
0.000271 437
0.000592 8
0.000175 104
8.772010 32
0.628119 1
0.258458 1
0.185697 1
0.157094 1
0.178201 1
0.778978 15
0.832315 11
1.112528 2
0.000729 9
0.003728 28
0.000055 2
0.001806 36
0.000014 48
0.000008 24
0.000006 2
0.000007 24
0.000007 24
0.000006 22
0.000007 2
0.000535 112
27.078789 1
0.135413 1
0.435015 1
0.436040 1
0.916989 1
0.540101 1
0.401272 1
0.456427 1
0.941713 2
0.001279 9
0.006019 32
0.000449 2532
25.802383 8
0.475377 1
0.186521 1
0.151749 1
0.160537 1
0.858872 9
1.306465 9
0.869030 9
1.226458 11
0.001161 51
0.000126 276
0.000008 108
0.000171 8
0.000189 104
21.394206 11
0.698447 1
0.500092 1
0.030550 1
0.030873 1
0.029158 1
0.030723 1
0.030096 1
0.030117 1
0.029721 1
0.030007 1
0.029527 1
0.029676 1
0.029845 1
0.030557 1
0.028973 1
0.029469 1
0.033182 1
0.756236 5
0.919718 2
0.000011 9
0.001934 1984
0.000216 112
24.204178 12
0.467334 1
0.239413 1
0.182297 1
0.147917 1
0.194811 1
0.739844 15
0.960857 11
2.222647 11
0.001413 453
0.000066 236
0.000011 329
0.000008 154
0.000008 2
0.000010 78
0.000009 78
0.000011 106
0.000010 80
0.000028 78
0.000009 234
0.000095 78
0.000345 78
0.000086 8
0.000032 104
21.382381 1
0.085464 1
0.492724 1
0.156995 1
1.228573 1
0.782229 1
0.752330 1
2.297155 1
0.663074 2
0.000520 9
0.001170 3
0.000059 2
0.000295 8
0.000062 104
24.266352 1
0.085773 1
0.424662 1
0.223913 1
0.602373 1
0.733698 1
0.754152 1
0.964597 1
1.676485 4
0.940896 1
1.361371 1
0.171233 1
1.449683 1
0.124388 1
0.520078 1
0.391587 1
0.674356 1
0.465160 1
0.393788 1
0.494871 1
2.646607 11
0.002462 2452
0.001911 2452
0.000087 112
77.220043 1
0.410283 1
0.591201 1
0.515624 1
0.392670 1
2.039999 1
1.056494 1
0.814098 1
0.562130 1
2.777013 1
0.499422 1
0.030639 1
0.029989 1
0.029676 1
0.030211 1
0.030344 1
0.030537 1
0.029445 1
0.030029 1
0.030733 1
0.028853 1
0.030194 1
0.033556 1
0.026644 1
0.035177 1
0.049872 1
0.006375 1
0.037601 1
0.030631 1
0.032193 1
0.020076 1
0.048390 1
0.021036 1
0.019867 1
0.029189 1
0.029700 1
0.029512 1
0.030403 1
0.030136 1
0.029336 1
0.029483 1
0.031325 1
0.029507 1
0.031234 1
0.029256 1
0.028938 1
0.029882 1
0.030647 1
0.030097 1
0.029545 1
0.030458 1
0.030265 1
0.029479 1
0.030572 1
0.029444 1
0.030113 1
0.030195 3
0.030677 1
0.029145 1
0.030830 1
0.028955 1
0.029557 1
0.031379 1
0.029089 1
0.029593 1
0.030441 1
0.029967 1
0.030172 1
0.030329 1
0.030386 1
0.028924 1
0.031015 1
0.029453 1
0.029948 1
0.030722 1
0.029330 1
0.029649 1
0.030131 1
0.030647 1
0.029758 1
0.029180 1
0.030742 1
0.029243 1
0.029754 1
0.030412 1
0.031286 1
0.029610 1
0.029589 1
0.031533 1
0.028591 1
0.030121 1
0.029462 1
0.030312 1
0.031497 1
3.040042 4
0.499790 4
0.029743 4
0.029928 4
0.031275 4
0.030359 4
0.028894 4
0.030401 4
0.029898 4
0.030189 4
0.197909 4
0.157357 4
0.148814 4
0.156483 4
0.167802 4
7.381734 1
1.500070 1
0.477826 1
0.439305 1
0.804450 1
0.398266 1
0.787394 4
0.503827 1
4.996154 1
1.731179 1
1.383762 1
2.750984 1
0.114219 1
0.759863 1
1.967727 1
0.164902 1
0.157999 1
0.246380 1
0.570737 3
0.370890 7
0.543152 3
0.184461 3
0.317049 3
0.307606 1
1.117254 1
0.610186 1
0.529362 1
0.482620 1
3.198140 1
0.662677 1
1.520517 1
1.083125 1
0.776631 1
0.311667 1
0.935635 4
0.528889 1
1.862586 1
1.113185 1
1.290986 1
2.294227 1
2.021819 4
0.124402 1
0.879343 1
3.826721 1
0.660905 1
0.808387 1
1.566665 1
0.814235 1
0.584735 1
11.479745 97
3.166011 146
2.553376 11
0.000866 74
0.000018 4
0.001368 32
0.000017 2
0.000021 83
0.000014 2
0.000017 108
0.000014 2
0.000020 66
0.000011 2
0.001284 2155
0.000119 4
0.000294 74
0.000022 112
6.985295 109
0.003695 109
8.357174 109
0.000795 109
26.552260 109
0.000653 109
19.780013 109
0.000348 109
3.564426 109
49.520004 109
0.000405 109
16.023224 109
60.846186 1
0.544273 1
0.618143 1
1.041194 1
0.126875 1
1.398310 1
1.543170 1
0.318273 1
0.267482 1
0.226390 1
0.922278 11
0.004969 57
0.000035 112
50.370243 1
0.242908 1
0.485480 1
1.237209 1
2.420910 1
0.947025 1
0.784466 11
0.003237 112
9.056849 1
0.339521 1
0.454174 1
1.018052 1
2.235208 2
0.000432 9
0.001260 4
0.000168 2
0.000378 8
0.000072 104
2.349604 4
0.173125 2
0.953304 4
0.584180 1
0.848764 11
0.001858 112
3.198145 6
0.418942 5
0.811853 2
0.000480 9
0.001193 6
0.000053 2
0.000420 8
0.000104 104
5.910700 4
0.541805 2
1.211799 5
0.282923 7
0.180183 1
1.730904 1
0.599589 1
0.508014 1
0.968234 1
0.084896 1
1.418925 1
1.331561 1
0.276458 1
0.282535 1
0.264311 1
0.948404 11
0.000539 57
0.000274 8
0.000041 104
37.875703 1
0.255366 1
0.380345 1
1.094473 1
0.701249 11
0.198315 141
0.010489 112
5.674459 1
0.453838 1
0.651207 1
0.573106 1
0.249869 1
0.274640 1
0.306567 1
0.639503 1
0.545283 1
0.108708 1
0.621249 1
0.153134 1
1.339736 1
0.501532 1
0.029739 1
0.029074 1
0.030583 1
0.029660 1
0.030999 1
1.588521 15
0.694914 15
0.428614 15
0.198526 15
0.679467 3
0.501489 3
0.029833 3
0.028768 3
0.029537 3
0.030684 3
0.030259 3
0.030403 1
0.149881 1
0.000825 1
0.726693 1
0.852255 1
0.250934 1
0.527120 1
1.056768 1
1.857668 1
0.684325 5
1.914743 2
0.000711 9
0.014013 33
2.902686 2
0.017302 50
0.016581 114
0.002417 132
0.054807 134
0.174823 217
0.002265 75
0.273517 97
0.001587 160
0.001623 118
0.000016 125
0.074503 79
0.002166 170
0.046737 196
0.035315 208
0.001116 43
3.282686 1
0.741641 2
0.009102 33
0.500164 33
0.501245 33
0.501021 33
0.501228 33
0.500573 57
0.501013 57
0.500936 57
0.501231 57
0.501065 57
0.394285 145
0.000058 94
0.199876 52
0.149454 145
0.000104 85
0.501108 46
0.501463 103
0.500885 103
0.454297 198
0.000156 211
0.000156 4
0.000031 95
0.000033 99
0.000057 103
0.004682 310
0.501662 103
0.501181 103
0.501170 103
0.501383 103
0.501498 103
0.500776 103
0.502271 103
0.500459 103
0.500655 103
0.050088 397
0.000013 99
0.000085 508
0.048298 95
0.000008 210
0.000017 4
0.159086 528
0.500734 103
0.030018 206
0.000021 101
0.000004 4
0.043195 103
0.002014 312
0.188002 103
0.000163 95
0.000032 105
0.000043 105
0.039207 245
0.333738 70
0.055716 2048
0.000285 1985
31.963985 60
0.014480 265
0.000324 2048
0.000302 605
0.939178 6
0.000012 19
0.000055 41
0.085671 1
0.003046 15
0.034122 118
0.000654 40
0.000434 179
0.000055 220
0.004480 44
0.006662 40
0.000832 4
0.008985 44
0.002479 44
0.001314 44
0.004492 44
0.003223 44
0.003185 44
0.003668 44
0.045427 174
0.004312 225
0.002281 134
0.003542 68
0.014143 136
0.022163 71
0.008656 89
0.000011 136
0.164770 60
0.075828 136
0.021563 76
0.008477 165
0.000192 72
0.001696 74
0.010136 136
0.021680 76
0.005869 92
0.000145 136
0.002645 67
0.015100 136
0.022171 84
0.008594 160
0.000075 70
0.000124 2
0.005075 73
0.367209 136
0.020090 81
0.007041 91
0.000096 134
0.000027 2
0.001137 68
0.012667 134
0.000062 2
0.020022 78
0.007615 88
0.001179 64
0.000044 70
0.000016 2
0.002121 65
0.012697 136
0.017285 80
0.011016 101
0.000114 136
0.002042 78
0.015434 64
0.000126 72
0.014545 80
0.006661 101
0.000456 136
0.001601 72
0.038836 136
0.021092 76
0.008736 230
0.013424 67
0.015343 64
0.000230 70
0.000034 2
0.016199 86
0.029077 106
0.000087 2
0.000238 64
0.000054 70
0.000573 2
0.001044 83
0.000069 2
0.048848 136
0.019144 76
0.008691 96
0.000327 64
0.000034 70
0.000025 2
0.001939 73
0.012835 64
0.000032 70
0.000019 2
0.021634 86
0.007853 101
0.000606 138
0.000716 76
0.000067 2
0.030260 64
0.000029 70
0.000036 2
0.015782 73
0.008141 96
0.000382 136
0.001643 65
0.017941 134
0.000020 2
0.031570 74
0.005645 136
0.032930 182
0.001096 136
0.000744 92
0.000595 134
0.000049 2
0.000509 64
0.000033 72
0.000572 80
0.000416 134
0.000145 2
0.000647 136
0.000542 70
0.000070 2
0.000472 136
0.000593 136
0.000642 77
0.000213 2
0.000522 64
0.000021 70
0.000018 2
0.000597 136
0.000369 73
0.000025 2
0.001392 136
0.000500 136
0.000743 74
0.000520 136
0.000550 136
0.000428 83
0.000281 2
0.000748 136
0.001203 64
0.000192 70
0.000030 2
0.000770 73
0.000645 64
0.000033 72
0.000557 136
0.000580 81
0.000514 64
0.000029 70
0.000030 2
0.000487 136
0.000585 80
0.000453 136
0.001785 64
0.000021 72
0.001037 67
0.013569 136
0.183239 78
0.006695 69
0.057873 80
0.004237 100
0.001727 120
0.032762 87
0.033872 38
0.053176 78
0.003524 68
0.001077 2
0.056858 62
0.005479 20
0.006925 24
0.008544 77
0.000379 99
0.000061 2
0.006459 21
0.007956 66
0.008202 29
0.000022 2
0.006216 32
1.526679 30
1.820016 29
0.006150 43
0.008011 63
0.005406 278
2.166503 20
0.632631 123
0.801401 136
0.001197 85
0.001471 136
0.001566 136
0.000791 72
0.001390 134
0.000007 2
0.004560 21
0.000082 149
0.002922 173
0.002546 185
0.001685 185
0.002875 182
0.002646 182
0.004070 21
0.000051 154
0.001361 136
0.001769 86
0.151023 73
0.081812 82
0.836047 85
0.346640 20
1.340134 112
1.863356 1
0.458686 1
0.319645 1
1.208354 4
0.194711 4
0.163181 4
0.151623 1
0.588926 1
0.164229 1
0.372423 1
1.562572 1
0.841002 11
0.020948 165
0.001162 112
51.459393 1
0.836833 1
0.979817 11
0.001718 2
10.068632 1
0.978520 1
0.381830 1
0.727829 1
1.050405 2
0.000544 112
6.310627 1
1.017312 1
0.536351 1
0.778371 1
0.807676 17
